22.10 50.00 21.67 0.11 637 36
22.70 49.00 22.30 0.12 618 33
21.90 49.00 21.42 0.11 546 22
22.10 50.00 21.67 0.10 539 21
22.00 50.00 21.56 0.11 629 34
22.10 50.00 21.67 0.09 553 23
22.10 49.00 21.64 0.10 560 24
22.00 50.00 21.56 0.10 605 31
22.20 50.00 21.78 0.10 515 17
22.10 50.00 21.67 0.12 560 24
22.10 50.00 21.67 0.10 560 24
22.00 50.00 21.56 0.10 597 30
22.10 50.00 21.67 0.13 629 34
22.10 50.00 21.67 0.11 586 28
22.00 50.00 21.56 0.10 629 34
22.20 50.00 21.78 0.10 570 25
22.00 50.00 21.56 0.11 600 30
22.10 50.00 21.67 0.12 637 36
22.10 50.00 21.67 0.11 626 34
22.10 50.00 21.67 0.11 623 33
22.00 50.00 21.56 0.10 546 22
22.10 50.00 21.67 0.10 618 33
22.20 50.00 21.78 0.11 561 24
21.70 49.00 21.20 0.11 546 22
22.10 50.00 21.67 0.12 572 26
22.10 50.00 21.67 0.11 520 18
22.10 50.00 21.67 0.11 560 24
22.10 50.00 21.67 0.11 548 22
22.10 50.00 21.67 0.09 548 22
22.10 50.00 21.67 0.10 501 15
22.10 50.00 21.67 0.11 533 20
22.20 50.00 21.78 0.46 682 42
22.10 51.00 21.70 0.13 572 26
22.10 50.00 21.67 0.11 637 36
22.10 50.00 21.67 0.10 600 30
22.10 50.00 21.67 0.10 759 54
22.30 51.00 21.92 0.10 732 50
22.50 51.00 22.14 0.09 629 34
22.10 51.00 21.70 0.13 618 33
22.10 50.00 21.67 0.11 672 41
22.20 50.00 21.78 0.11 612 32
22.50 50.00 22.11 0.10 678 42
22.30 50.00 21.89 0.09 612 32
22.20 49.00 21.75 0.10 614 32
22.20 49.00 21.75 0.10 650 38
22.30 49.00 21.86 0.09 618 33
22.20 49.00 21.75 0.10 640 36
22.60 49.00 22.19 0.10 600 30
22.30 49.00 21.86 0.10 712 47
22.20 50.00 21.78 0.10 712 47
22.50 50.00 22.11 0.11 702 46
22.40 51.00 22.03 0.09 749 53
22.20 51.00 21.81 0.10 733 50
22.10 51.00 21.70 0.02 712 47
22.20 51.00 21.81 0.09 719 48
22.20 51.00 21.81 0.10 643 37
22.10 50.00 21.67 0.11 686 43
22.10 50.00 21.67 0.11 614 32
22.20 50.00 21.78 0.11 612 32
22.10 50.00 21.67 0.11 656 39
22.10 50.00 21.67 0.11 643 37
22.10 51.00 21.70 0.11 586 28
22.10 50.00 21.67 0.11 640 36
22.10 50.00 21.67 0.11 566 25
22.10 50.00 21.67 0.11 665 40
22.10 50.00 21.67 0.11 643 37
21.80 50.00 21.34 0.10 699 45
22.10 51.00 21.70 0.10 686 43
22.50 52.00 22.16 0.11 678 42
22.10 52.00 21.72 0.10 623 33
22.00 52.00 21.61 0.10 678 42
22.10 51.00 21.70 0.10 640 36
22.00 52.00 21.61 0.09 671 41
22.40 51.00 22.03 0.10 623 33
21.90 50.00 21.45 0.10 671 41
21.80 50.00 21.34 0.09 623 33
22.10 51.00 21.70 0.11 580 27
22.20 51.00 21.81 0.11 626 34
22.00 51.00 21.59 0.09 618 33
22.10 51.00 21.70 0.11 665 40
22.00 51.00 21.59 0.10 612 32
22.10 51.00 21.70 0.10 650 38
21.90 50.00 21.45 0.09 612 32
21.80 50.00 21.34 0.10 637 36
22.10 51.00 21.70 0.11 690 44
22.10 52.00 21.72 0.11 672 41
22.10 52.00 21.72 0.10 614 32
22.10 52.00 21.72 0.10 656 39
22.10 52.00 21.72 0.10 672 41
22.00 52.00 21.61 0.10 682 42
22.00 52.00 21.61 0.10 629 34
22.10 52.00 21.72 0.11 665 40
22.10 52.00 21.72 0.10 671 41
22.10 52.00 21.72 0.10 600 30
22.10 52.00 21.72 0.10 640 36
21.60 51.00 21.15 0.11 600 30
22.00 52.00 21.61 0.10 643 37
22.10 51.00 21.70 0.12 643 37
21.80 51.00 21.37 0.10 650 38
22.10 52.00 21.72 0.10 671 41
21.60 51.00 21.15 0.11 640 36
22.10 52.00 21.72 0.09 643 37
21.40 51.00 20.93 0.10 643 37
21.80 51.00 21.37 0.09 561 24
22.10 52.00 21.72 0.08 591 29
21.90 51.00 21.48 0.11 566 25
22.10 51.00 21.70 0.10 542 21
21.70 50.00 21.23 0.10 542 21
22.00 51.00 21.59 0.11 572 26
21.90 50.00 21.45 0.11 561 24
20.80 49.00 20.21 0.10 515 17
22.00 51.00 21.59 0.12 553 23
22.00 51.00 21.59 0.11 515 17
21.90 50.00 21.45 0.11 530 19
20.90 49.00 20.32 0.10 539 21
22.10 51.00 21.70 0.11 548 22
22.10 51.00 21.70 0.11 501 15
21.00 50.00 20.46 0.11 539 21
22.10 51.00 21.70 0.09 481 12
20.90 49.00 20.32 0.09 496 14
20.70 49.00 20.10 0.10 480 12
20.80 49.00 20.21 0.10 491 13
22.00 51.00 21.59 0.13 500 15
22.10 51.00 21.70 0.10 515 17
20.60 49.00 19.99 0.10 466 10
21.90 50.00 21.45 0.10 463 9
21.60 50.00 21.12 0.10 462 9
22.10 51.00 21.70 0.11 462 9
20.70 49.00 20.10 0.11 492 14
22.10 51.00 21.70 0.10 496 14
22.10 51.00 21.70 0.10 470 10
21.90 50.00 21.45 0.10 459 8
22.10 51.00 21.70 0.11 501 15
21.80 50.00 21.34 0.10 457 8
20.40 49.00 19.77 0.11 501 15
22.00 51.00 21.59 0.11 452 7
22.00 51.00 21.59 0.12 448 7
22.10 51.00 21.70 0.10 480 12
20.50 49.00 19.88 0.11 480 12
21.50 50.00 21.01 0.10 498 14
20.50 49.00 19.88 0.10 447 7
21.80 50.00 21.34 0.09 496 14
20.80 49.00 20.21 0.10 447 7
22.00 51.00 21.59 0.08 444 6
20.70 49.00 20.10 0.11 444 6
20.70 49.00 20.10 0.10 470 10
21.50 50.00 21.01 0.10 438 5
22.00 51.00 21.59 0.10 443 6
20.80 49.00 20.21 0.12 470 10
20.70 49.00 20.10 0.10 447 7
22.10 51.00 21.70 0.10 439 5
20.60 49.00 19.99 0.11 439 5
21.20 50.00 20.68 0.10 486 13
22.10 51.00 21.70 0.11 462 9
20.70 49.00 20.10 0.09 481 12
22.00 51.00 21.59 0.10 470 10
22.10 51.00 21.70 0.10 438 5
21.90 50.00 21.45 0.09 462 9
21.90 50.00 21.45 0.10 463 9
21.90 50.00 21.45 0.10 475 11
20.60 49.00 19.99 0.10 466 10
22.10 51.00 21.70 0.10 448 7
21.10 50.00 20.57 0.11 462 9
20.80 49.00 20.21 0.10 444 6
20.70 49.00 20.10 0.10 439 5
21.90 50.00 21.45 0.11 480 12
22.10 51.00 21.70 0.11 433 5
20.70 49.00 20.10 0.11 485 12
20.70 49.00 20.10 0.10 443 6
21.10 50.00 20.57 0.10 459 8
21.90 50.00 21.45 0.10 459 8
21.60 50.00 21.12 0.11 425 3
21.90 50.00 21.45 0.11 470 10
20.70 49.00 20.10 0.09 470 10
21.20 50.00 20.68 0.10 530 19
20.80 50.00 20.24 0.10 690 44
21.60 50.00 21.12 0.08 501 15
20.90 49.00 20.32 0.09 682 42
20.80 50.00 20.24 0.09 536 20
20.90 49.00 20.32 0.11 759 54
22.10 52.00 21.72 0.01 857 69
20.90 49.00 20.32 0.11 501 15
22.00 50.00 21.56 0.10 498 14
22.10 50.00 21.67 0.10 530 19
21.60 50.00 21.12 0.10 491 13
20.70 49.00 20.10 0.10 1302 137
20.40 50.00 19.80 0.09 641 36
20.10 51.00 19.50 0.13 400 0
21.10 51.00 20.60 0.09 400 0
20.10 50.00 19.47 0.09 400 0
20.60 49.00 19.99 0.11 400 0
20.70 49.00 20.10 0.09 420 3
20.70 49.00 20.10 0.10 414 2
20.90 49.00 20.32 0.11 400 0
20.50 49.00 19.88 0.10 400 0
20.30 49.00 19.66 0.10 400 0
20.10 49.00 19.44 0.13 434 5
20.10 49.00 19.44 0.12 427 4
19.90 49.00 19.22 0.11 438 5
20.20 49.00 19.55 0.11 456 8
20.10 49.00 19.44 0.12 423 3
20.10 49.00 19.44 0.09 432 4
20.10 49.00 19.44 0.11 442 6
20.00 49.00 19.33 0.09 420 3
20.00 49.00 19.33 0.10 415 2
20.10 49.00 19.44 0.11 441 6
20.10 49.00 19.44 0.10 436 5
19.90 49.00 19.22 0.10 420 3
19.90 49.00 19.22 0.10 451 7
20.00 50.00 19.36 0.10 415 2
19.90 50.00 19.25 0.10 406 0
19.90 50.00 19.25 0.10 401 0
19.90 50.00 19.25 0.12 405 0
19.80 50.00 19.14 0.10 401 0
19.90 50.00 19.25 0.10 400 0
19.90 50.00 19.25 0.12 400 0
19.90 50.00 19.25 0.09 425 3
19.90 50.00 19.25 0.10 400 0
19.90 50.00 19.25 0.11 448 7
19.90 50.00 19.25 0.09 434 5
20.00 50.00 19.36 0.11 400 0
19.90 50.00 19.25 0.10 403 0
19.90 51.00 19.28 0.09 436 5
19.20 51.00 18.51 0.12 428 4
19.90 51.00 19.28 0.10 428 4
19.80 51.00 19.17 0.10 428 4
19.50 51.00 18.84 0.09 400 0
19.70 51.00 19.06 0.11 400 0
19.90 51.00 19.28 0.11 446 7
19.60 51.00 18.95 0.10 433 5
19.40 51.00 18.73 0.10 426 3
19.70 52.00 19.08 0.10 425 3
20.30 52.00 19.74 0.09 433 5
19.10 52.00 18.42 0.10 444 6
18.80 52.00 18.09 0.11 433 5
19.60 52.00 18.97 0.11 400 0
18.80 52.00 18.09 0.09 403 0
18.80 52.00 18.09 0.12 426 3
18.80 52.00 18.09 0.10 433 5
19.90 53.00 19.33 0.10 442 6
18.50 52.00 17.76 0.09 400 0
19.50 53.00 18.89 0.11 400 0
19.70 53.00 19.11 0.10 422 3
18.80 53.00 18.12 0.09 427 4
19.60 53.00 19.00 0.10 442 6
18.60 53.00 17.90 0.10 402 0
19.00 53.00 18.34 0.11 402 0
18.60 53.00 17.90 0.09 400 0
18.60 53.00 17.90 0.09 406 0
19.50 53.00 18.89 0.09 400 0
18.80 54.00 18.15 0.09 402 0
18.60 54.00 17.93 0.09 406 0
19.50 54.00 18.92 0.10 400 0
19.80 54.00 19.25 0.10 400 0
18.50 54.00 17.82 0.10 425 3
18.60 55.00 17.95 0.10 425 3
18.80 55.00 18.17 0.11 416 2
18.60 55.00 17.95 0.09 402 0
19.00 55.00 18.39 0.09 409 1
19.50 55.00 18.94 0.10 428 4
18.90 55.00 18.28 0.09 439 5
18.90 55.00 18.28 0.09 400 0
19.00 55.00 18.39 0.10 439 5
19.60 55.00 19.05 0.11 408 1
18.80 55.00 18.17 0.10 405 0
19.20 55.00 18.61 0.08 446 7
18.90 55.00 18.28 0.10 423 3
18.40 55.00 17.73 0.09 400 0
18.80 55.00 18.17 0.10 432 4
19.00 56.00 18.42 0.09 427 4
19.10 56.00 18.53 0.10 442 6
18.80 56.00 18.20 0.10 459 8
18.60 56.00 17.98 0.09 416 2
18.80 56.00 18.20 0.09 415 2
18.70 56.00 18.09 0.08 421 3
18.60 56.00 17.98 0.09 407 1
18.70 56.00 18.09 0.10 401 0
18.60 56.00 17.98 0.11 421 3
18.60 56.00 17.98 0.11 420 3
18.50 56.00 17.87 0.09 441 6
18.50 56.00 17.87 0.10 400 0
18.50 56.00 17.87 0.09 400 0
18.50 56.00 17.87 0.09 408 1
18.40 56.00 17.76 0.10 427 4
18.20 56.00 17.54 0.09 433 5
18.30 57.00 17.67 0.09 434 5
18.50 57.00 17.89 0.10 403 0
18.30 57.00 17.67 0.09 427 4
18.40 56.00 17.76 0.12 403 0
18.50 57.00 17.89 0.09 403 0
18.30 57.00 17.67 0.09 422 3
18.50 57.00 17.89 0.10 426 3
18.20 57.00 17.56 0.10 422 3
18.20 57.00 17.56 0.11 426 3
18.20 57.00 17.56 0.09 417 2
17.80 56.00 17.10 0.08 434 5
18.20 57.00 17.56 0.01 434 5
18.20 57.00 17.56 0.09 434 5
18.20 57.00 17.56 0.10 434 5
18.20 58.00 17.59 0.10 435 5
18.20 58.00 17.59 0.10 434 5
18.20 58.00 17.59 0.10 409 1
18.30 58.00 17.70 0.09 409 1
18.10 58.00 17.48 0.10 420 3
18.10 58.00 17.48 0.08 427 4
18.30 58.00 17.70 0.11 441 6
18.10 58.00 17.48 0.11 423 3
18.20 58.00 17.59 0.10 400 0
18.10 58.00 17.48 0.09 400 0
18.10 58.00 17.48 0.10 439 5
18.20 58.00 17.59 0.09 423 3
18.10 58.00 17.48 0.10 422 3
18.10 58.00 17.48 0.10 423 3
18.00 58.00 17.37 0.10 400 0
18.10 58.00 17.48 0.10 409 1
18.20 58.00 17.59 0.09 448 7
18.00 58.00 17.37 0.09 427 4
18.10 58.00 17.48 0.09 439 5
18.00 58.00 17.37 0.10 423 3
18.10 59.00 17.51 0.10 424 3
18.00 59.00 17.40 0.09 402 0
18.00 59.00 17.40 0.10 415 2
17.90 58.00 17.26 0.09 421 3
18.30 59.00 17.73 0.10 424 3
18.00 59.00 17.40 0.09 400 0
17.90 58.00 17.26 0.11 418 2
17.90 58.00 17.26 0.10 418 2
18.10 59.00 17.51 0.12 452 7
18.00 59.00 17.40 0.09 444 6
17.90 58.00 17.26 0.09 414 2
17.80 58.00 17.15 0.09 414 2
17.80 58.00 17.15 0.09 438 5
17.80 58.00 17.15 0.10 438 5
18.10 59.00 17.51 0.10 405 0
17.60 58.00 16.93 0.10 432 4
17.70 58.00 17.04 0.09 439 5
17.60 58.00 16.93 0.09 433 5
17.90 58.00 17.26 0.10 405 0
17.50 58.00 16.82 0.09 408 1
17.50 58.00 16.82 0.11 414 2
17.00 58.00 16.27 0.10 434 5
17.10 58.00 16.38 0.19 460 9
17.80 58.00 17.15 0.10 441 6
17.50 58.00 16.82 0.09 439 5
17.30 58.00 16.60 0.09 439 5
17.80 58.00 17.15 0.09 411 1
16.90 58.00 16.16 0.10 411 1
16.70 58.00 15.94 0.10 411 1
16.70 59.00 15.97 0.10 451 7
17.90 59.00 17.29 0.10 442 6
18.10 59.00 17.51 0.09 432 4
17.90 59.00 17.29 0.10 446 7
16.80 59.00 16.08 0.09 441 6
17.80 59.00 17.18 0.10 424 3
16.70 59.00 15.97 0.10 415 2
16.80 59.00 16.08 0.10 407 1
17.80 59.00 17.18 0.11 432 4
16.80 59.00 16.08 0.10 410 1
16.60 59.00 15.86 0.08 406 0
16.70 59.00 15.97 0.11 425 3
16.80 59.00 16.08 0.09 421 3
17.80 59.00 17.18 0.09 424 3
16.60 59.00 15.86 0.10 409 1
16.70 59.00 15.97 0.08 417 2
16.60 59.00 15.86 0.10 413 1
17.40 59.00 16.74 0.09 400 0
16.70 59.00 15.97 0.10 421 3
16.60 59.00 15.86 0.10 423 3
16.60 59.00 15.86 0.10 445 6
17.20 58.00 16.49 0.10 410 1
16.60 59.00 15.86 0.11 410 1
17.30 58.00 16.60 0.10 410 1
17.30 58.00 16.60 0.10 425 3
17.30 58.00 16.60 0.09 441 6
16.70 58.00 15.94 0.09 400 0
16.70 58.00 15.94 0.10 400 0
16.60 58.00 15.83 0.09 438 5
16.60 58.00 15.83 0.11 421 3
16.90 58.00 16.16 0.10 400 0
16.50 59.00 15.75 0.09 400 0
16.60 59.00 15.86 0.11 424 3
16.60 59.00 15.86 0.09 423 3
17.10 59.00 16.41 0.10 400 0
16.50 59.00 15.75 0.10 417 2
16.80 59.00 16.08 0.09 436 5
16.50 59.00 15.75 0.10 439 5
16.60 59.00 15.86 0.11 444 6
16.70 59.00 15.97 0.09 432 4
17.00 59.00 16.30 0.09 414 2
16.50 59.00 15.75 0.11 421 3
16.60 59.00 15.86 0.10 444 6
16.50 59.00 15.75 0.10 448 7
16.40 59.00 15.64 0.09 421 3
16.80 59.00 16.08 0.10 443 6
16.50 59.00 15.75 0.09 439 5
16.50 59.00 15.75 0.09 438 5
16.50 59.00 15.75 0.10 416 2
16.40 59.00 15.64 0.10 417 2
16.40 59.00 15.64 0.09 452 7
16.40 59.00 15.64 0.10 443 6
16.60 59.00 15.86 0.09 443 6
16.70 60.00 15.99 0.10 421 3
16.40 60.00 15.66 0.09 421 3
16.50 59.00 15.75 0.12 423 3
16.60 59.00 15.86 0.09 451 7
16.60 59.00 15.86 0.10 427 4
16.50 59.00 15.75 0.09 444 6
16.30 59.00 15.53 0.09 452 7
16.40 60.00 15.66 0.09 456 8
16.60 59.00 15.86 0.10 480 12
16.50 59.00 15.75 0.13 476 11
16.30 60.00 15.55 0.11 452 7
16.80 60.00 16.10 0.10 451 7
16.50 60.00 15.77 0.10 495 14
16.70 60.00 15.99 0.10 473 11
16.50 60.00 15.77 0.09 408 1
16.30 60.00 15.55 0.10 452 7
16.40 60.00 15.66 0.10 459 8
16.40 60.00 15.66 0.10 481 12
16.30 60.00 15.55 0.10 481 12
16.40 60.00 15.66 0.11 486 13
16.40 60.00 15.66 0.10 480 12
16.40 60.00 15.66 0.10 475 11
16.40 60.00 15.66 0.08 508 16
16.70 60.00 15.99 0.10 520 18
16.30 61.00 15.58 0.11 523 18
16.40 61.00 15.69 0.11 502 15
16.50 61.00 15.80 0.09 529 19
16.30 61.00 15.58 0.08 566 25
16.30 61.00 15.58 0.09 553 23
16.40 61.00 15.69 0.11 517 17
16.40 61.00 15.69 0.11 508 16
16.30 61.00 15.58 0.09 508 16
16.50 61.00 15.80 0.10 534 20
16.40 61.00 15.69 0.10 524 18
16.70 61.00 16.02 0.09 508 16
16.40 61.00 15.69 0.10 495 14
16.50 61.00 15.80 0.09 497 14
16.40 61.00 15.69 0.24 548 22
16.80 61.00 16.13 0.09 530 19
16.70 61.00 16.02 0.09 501 15
16.30 61.00 15.58 0.11 496 14
17.50 61.00 16.90 0.10 529 19
16.80 61.00 16.13 0.11 524 18
16.50 61.00 15.80 0.10 495 14
16.50 61.00 15.80 0.09 529 19
16.50 61.00 15.80 0.10 534 20
16.50 61.00 15.80 0.10 483 12
16.60 61.00 15.91 0.12 501 15
16.50 61.00 15.80 0.09 480 12
16.40 61.00 15.69 0.09 517 17
16.60 60.00 15.88 0.10 517 17
16.50 61.00 15.80 0.10 476 11
16.50 61.00 15.80 0.09 506 16
16.70 61.00 16.02 0.08 483 12
16.60 61.00 15.91 0.09 497 14
16.70 61.00 16.02 0.10 534 20
16.50 61.00 15.80 0.10 517 17
16.50 60.00 15.77 0.10 534 20
16.50 60.00 15.77 0.13 502 15
16.70 60.00 15.99 0.10 506 16
16.60 60.00 15.88 0.10 480 12
16.60 60.00 15.88 0.10 491 13
16.60 60.00 15.88 0.10 520 18
16.80 60.00 16.10 0.09 520 18
16.50 60.00 15.77 0.09 508 16
16.80 60.00 16.10 0.11 491 13
16.90 60.00 16.21 0.10 523 18
17.00 59.00 16.30 0.10 506 16
17.00 59.00 16.30 0.10 491 13
17.20 59.00 16.52 0.10 495 14
17.30 59.00 16.63 0.10 523 18
17.30 59.00 16.63 0.09 553 23
17.00 60.00 16.32 0.09 529 19
17.30 59.00 16.63 0.09 553 23
17.60 59.00 16.96 0.09 480 12
17.60 59.00 16.96 0.09 520 18
17.40 59.00 16.74 0.10 502 15
17.80 59.00 17.18 0.11 552 23
17.60 59.00 16.96 0.10 534 20
17.50 58.00 16.82 0.10 529 19
17.80 58.00 17.15 0.10 495 14
17.90 58.00 17.26 0.10 523 18
17.80 58.00 17.15 0.09 536 20
17.90 58.00 17.26 0.10 553 23
17.80 58.00 17.15 0.10 506 16
17.70 58.00 17.04 0.10 523 18
17.80 58.00 17.15 0.10 552 23
17.70 57.00 17.01 0.10 556 23
17.70 57.00 17.01 0.10 517 17
17.90 57.00 17.23 0.11 552 23
17.90 57.00 17.23 0.09 574 26
17.80 57.00 17.12 0.11 556 23
17.70 57.00 17.01 0.10 546 22
18.00 58.00 17.37 0.10 612 32
18.00 58.00 17.37 0.01 1001 91