
23.60 58.00 23.53 0.01453
23.10 60.00 23.03 0.00741
23.00 60.00 22.92 0.00028
22.80 60.00 22.70 0.00549
22.70 60.00 22.59 -0.00506
22.70 60.00 22.59 -0.00766
22.60 59.00 22.46 0.06316
22.50 60.00 22.37 -0.00314
22.50 59.00 22.35 -0.00575
22.30 60.00 22.15 0.06385
22.30 60.00 22.15 0.05070
22.10 60.00 21.93 0.00056
22.10 60.00 21.93 0.06440
22.10 60.00 21.93 0.05261
21.50 60.00 21.27 0.00220
21.50 60.00 21.27 0.06220
21.90 59.00 21.69 0.05275
21.90 59.00 21.69 -0.00438
21.80 59.00 21.58 0.05878
21.80 59.00 21.58 0.06905
21.20 58.00 20.89 -0.00410
21.60 58.00 21.33 0.00727
21.70 57.00 21.41 0.06371
21.60 57.00 21.30 0.00754
21.50 57.00 21.19 0.00165
21.40 57.00 21.08 0.06481
21.20 57.00 20.86 -0.00068
21.30 57.00 20.97 0.01165
21.30 56.00 20.95 0.06001
21.70 57.00 21.41 -0.00383
21.10 56.00 20.73 0.00412
21.20 57.00 20.86 0.06878
21.20 56.00 20.84 -0.01013
21.10 56.00 20.73 0.00083
21.00 56.00 20.62 0.07755
21.00 56.00 20.62 -0.00218
20.90 55.00 20.48 0.00453
20.90 55.00 20.48 0.05508
20.80 56.00 20.40 0.00042
20.70 56.00 20.29 -0.00177
20.80 56.00 20.40 -0.00273
20.70 56.00 20.29 0.00014
20.60 56.00 20.18 -0.01273
20.50 56.00 20.07 0.05700
20.60 56.00 20.18 -0.00890
20.50 56.00 20.07 -0.00205
20.30 57.00 19.87 0.06659
20.40 57.00 19.98 0.00480
20.40 57.00 19.98 -0.01301
20.30 57.00 19.87 0.06193
20.10 57.00 19.65 -0.00136
20.20 57.00 19.76 0.01357
20.50 57.00 20.09 0.06796
20.10 57.00 19.65 -0.00109
20.20 57.00 19.76 0.00713
20.20 57.00 19.76 0.06412
20.10 58.00 19.68 0.01549
20.10 58.00 19.68 0.00343
20.10 58.00 19.68 0.06672
20.10 58.00 19.68 -0.00876
20.10 58.00 19.68 -0.00643
20.00 58.00 19.57 0.00234
20.10 58.00 19.68 -0.00342
20.00 58.00 19.57 -0.00766
20.00 58.00 19.57 0.05864
20.00 59.00 19.60 -0.00136
19.90 59.00 19.49 0.00124
20.00 58.00 19.57 0.05659
19.90 58.00 19.46 -0.00397
19.90 58.00 19.46 -0.00808
19.90 58.00 19.46 0.07001
19.80 58.00 19.35 -0.00314
19.70 58.00 19.24 -0.00177
19.80 58.00 19.35 -0.00040
19.80 58.00 19.35 0.00316
19.70 58.00 19.24 -0.00972
19.70 58.00 19.24 0.06892
19.70 58.00 19.24 -0.00862
19.60 58.00 19.13 -0.00602
19.50 58.00 19.02 0.06371
19.70 58.00 19.24 0.00905
19.60 58.00 19.13 -0.00547
19.60 58.00 19.13 0.06398
19.60 58.00 19.13 -0.00671
19.60 58.00 19.13 -0.01013
19.30 58.00 18.80 0.06220
19.50 58.00 19.02 0.00302
19.50 58.00 19.02 -0.00013
19.40 57.00 18.88 0.06001
19.40 57.00 18.88 -0.00355
19.60 57.00 19.10 -0.00136
19.50 57.00 18.99 0.06604
19.50 57.00 18.99 0.00302
19.50 57.00 18.99 0.00562
19.50 56.00 18.97 -0.00136
19.50 56.00 18.97 -0.00355
19.60 56.00 19.08 -0.00903
19.60 56.00 19.08 0.06645
19.70 56.00 19.19 -0.00136
19.70 56.00 19.19 -0.01068
19.70 56.00 19.19 0.06453
19.70 56.00 19.19 -0.00917
19.70 56.00 19.19 -0.00821
20.00 55.00 19.49 0.05974
19.80 55.00 19.27 -0.00287
19.80 55.00 19.27 -0.00506
19.80 55.00 19.27 0.06152
19.80 54.00 19.25 -0.00218
19.80 54.00 19.25 -0.00698
20.00 54.00 19.47 0.06700
19.90 54.00 19.36 -0.00424
19.90 54.00 19.36 -0.00561
20.00 54.00 19.47 0.05974
20.00 54.00 19.47 -0.00314
20.00 53.00 19.44 -0.00725
20.00 53.00 19.44 0.06878
20.10 53.00 19.55 -0.00451
20.10 53.00 19.55 -0.00355
20.70 53.00 20.21 0.06412
20.20 53.00 19.66 -0.00260
20.20 53.00 19.66 0.00645
20.20 53.00 19.66 0.06727
20.40 53.00 19.88 -0.00698
20.70 53.00 20.21 0.01028
20.80 54.00 20.35 0.08632
20.90 54.00 20.46 0.00439
20.90 54.00 20.46 0.01645
21.10 55.00 20.70 0.08618
21.10 55.00 20.70 0.01850
21.10 55.00 20.70 0.01973
21.10 55.00 20.70 0.02535
21.20 55.00 20.81 0.02453
21.20 55.00 20.81 0.03357
21.10 56.00 20.73 0.03083
22.10 56.00 21.83 0.02919
22.30 54.00 22.00 0.02056
22.80 53.00 22.52 0.09645
22.20 54.00 21.89 -0.00561
22.30 53.00 21.97 -0.00342
22.50 53.00 22.19 0.05755
23.10 52.00 22.82 0.00069
23.10 51.00 22.80 -0.00534
23.30 51.00 23.02 0.08495
23.10 52.00 22.82 0.00960
23.20 55.00 23.01 0.02289
23.10 50.00 22.77 0.09577
23.00 51.00 22.69 0.00741
23.10 54.00 22.88 0.03138
23.30 50.00 22.99 0.09714
23.20 50.00 22.88 0.03015
23.10 51.00 22.80 0.02932
23.00 51.00 22.69 0.09207
23.00 51.00 22.69 0.04494




26.00 55.00 26.09 0.10191
25.90 54.00 25.96 0.10452
25.40 54.00 25.41 0.10602
26.00 55.00 26.09 0.10712
26.00 55.00 26.09 0.11013
26.00 55.00 26.09 0.10068
25.90 54.00 25.96 0.11041
25.90 54.00 25.96 0.11246
26.10 55.00 26.84 0.11027
26.00 55.00 26.09 0.17740
26.70 55.00 27.42 0.10767
26.10 55.00 26.84 0.10356
26.20 55.00 26.93 0.10972
26.00 55.00 26.09 0.11232
26.10 55.00 26.84 0.10794
26.10 55.00 26.84 0.18041
26.10 55.00 26.84 0.11191
26.10 54.00 26.80 0.17644
26.20 55.00 26.93 0.09986
26.20 55.00 26.93 0.11164
26.10 55.00 26.84 0.17452
26.20 55.00 26.93 0.10616
26.10 55.00 26.84 0.10287
26.20 54.00 26.89 0.18726
26.10 55.00 26.84 0.11671
26.30 55.00 27.02 0.11260
26.10 55.00 26.84 0.19288
26.20 55.00 26.93 0.11356
26.10 54.00 26.80 0.19137
26.30 55.00 27.02 0.11150
26.10 55.00 26.84 0.11219
26.20 54.00 26.89 0.11452
26.20 54.00 26.89 0.12109
25.90 53.00 25.93 0.10369
26.20 54.00 26.89 0.19123
26.20 54.00 26.89 0.11493
26.20 54.00 26.89 0.16534
26.10 54.00 26.80 0.08972
26.30 54.00 26.98 0.10273
26.20 54.00 26.89 0.11191
26.20 54.00 26.89 0.11602
26.20 54.00 26.89 0.10315
26.20 54.00 26.89 0.11411
26.20 55.00 26.93 0.11219
26.30 54.00 26.98 0.10767
26.20 54.00 26.89 0.17781
26.30 54.00 26.98 0.11164
26.20 54.00 26.89 0.18192
26.10 54.00 26.80 0.11315
26.20 54.00 26.89 0.12630
26.30 54.00 26.98 0.18274
26.20 54.00 26.89 0.11712
26.20 54.00 26.89 0.11109
26.20 54.00 26.89 0.18219
26.20 54.00 26.89 0.11548
26.20 54.00 26.89 0.16055
26.20 54.00 26.89 0.10493
26.20 54.00 26.89 0.17767
26.30 54.00 26.98 0.10575
26.20 54.00 26.89 0.18288
26.80 54.00 27.46 0.10753
26.30 54.00 26.98 0.10630
26.30 54.00 26.98 0.17808
26.40 54.00 27.07 0.11671
26.30 54.00 26.98 0.10780
26.30 54.00 26.98 0.11027
26.30 54.00 26.98 0.10547
26.20 54.00 26.89 0.16945
26.20 54.00 26.89 0.10150
26.30 54.00 26.98 0.11630
26.20 54.00 26.89 0.17959
26.40 54.00 27.07 0.10356
26.20 54.00 26.89 0.11027
26.20 54.00 26.89 0.18452
26.20 54.00 26.89 0.11465
26.20 54.00 26.89 0.15109
26.20 54.00 26.89 0.11232
26.30 54.00 26.98 0.11054
26.30 55.00 27.02 0.11027
26.30 54.00 26.98 0.11917
26.30 54.00 26.98 0.11068
26.30 54.00 26.98 0.11219
26.20 54.00 26.89 0.11808
26.30 54.00 26.98 0.11671
26.30 54.00 26.98 0.17808
26.20 54.00 26.89 0.10986
26.30 54.00 26.98 0.10123
26.30 54.00 26.98 0.11191
26.20 54.00 26.89 0.11452
26.30 54.00 26.98 0.18425
26.30 54.00 26.98 0.10383
26.30 55.00 27.02 0.11219
26.30 55.00 27.02 0.17877
26.30 54.00 26.98 0.11671
26.30 54.00 26.98 0.18671
26.30 55.00 27.02 0.12260
26.30 54.00 26.98 0.11671
26.40 54.00 27.07 0.18315
26.40 54.00 27.07 0.12644
26.30 54.00 26.98 0.10575
26.30 54.00 26.98 0.17808
26.40 54.00 27.07 0.10123
26.30 54.00 26.98 0.18384
26.50 54.00 27.16 0.11438
26.50 54.00 27.16 0.10986
26.50 54.00 27.16 0.17877
26.60 54.00 27.26 0.10917
26.40 54.00 27.07 0.11479
26.60 54.00 27.26 0.18233
26.50 54.00 27.16 0.11150
26.50 54.00 27.16 0.11383
26.50 54.00 27.16 0.17370
26.50 54.00 27.16 0.10808
26.50 54.00 27.16 0.17932
26.60 54.00 27.26 0.12109
26.50 54.00 27.16 0.11465
26.50 54.00 27.16 0.10616
26.50 54.00 27.16 0.10931
26.50 54.00 27.16 0.12589
26.50 54.00 27.16 0.18274
26.50 55.00 27.22 0.11630
26.50 54.00 27.16 0.17575
26.50 54.00 27.16 0.12863
26.50 54.00 27.16 0.11041
26.30 54.00 26.98 0.17301
26.30 55.00 27.02 0.10397
26.30 54.00 26.98 0.11328
26.30 54.00 26.98 0.18452
26.40 54.00 27.07 0.10986
26.30 54.00 26.98 0.07164
26.30 54.00 26.98 0.18082
26.50 54.00 27.16 0.10013
26.30 54.00 26.98 0.18110
26.20 54.00 26.89 0.13192
26.40 54.00 27.07 0.10917
26.30 54.00 26.98 0.18726
26.30 55.00 27.02 0.11274
26.30 54.00 26.98 0.10383
26.30 54.00 26.98 0.18164
26.30 54.00 26.98 0.10616
26.30 54.00 26.98 0.10643
26.20 54.00 26.89 0.12054
26.20 54.00 26.89 0.10890
26.20 54.00 26.89 0.18452
26.30 55.00 27.02 0.11232
26.10 55.00 26.84 0.11452
26.20 55.00 26.93 0.18425
26.20 55.00 26.93 0.10287
26.20 55.00 26.93 0.11260
26.20 55.00 26.93 0.10561
26.30 55.00 27.02 0.10315
26.20 55.00 26.93 0.19096
26.10 55.00 26.84 0.14260
26.20 55.00 26.93 0.11972
26.20 55.00 26.93 0.10356
26.40 55.00 27.12 0.11232
26.20 55.00 26.93 0.10808
26.20 55.00 26.93 0.18904
26.20 55.00 26.93 0.11739
26.30 55.00 27.02 0.10863
25.90 54.00 25.96 0.11904
26.20 55.00 26.93 0.10835
26.30 54.00 26.98 0.11150
26.30 54.00 26.98 0.11328
26.20 54.00 26.89 0.10493
26.30 54.00 26.98 0.11000
26.30 54.00 26.98 0.10794
26.20 54.00 26.89 0.11274
26.20 54.00 26.89 0.11452
26.10 54.00 26.80 0.11863
26.20 54.00 26.89 0.10575
26.20 54.00 26.89 0.10972
26.30 54.00 26.98 0.10123
26.30 55.00 27.02 0.11232
26.30 55.00 27.02 0.12041
26.30 54.00 26.98 0.10356
26.20 55.00 26.93 0.17055
26.20 55.00 26.93 0.10616
26.10 55.00 26.84 0.11095
26.20 55.00 26.93 0.18274
26.10 55.00 26.84 0.11274
26.10 54.00 26.80 0.12178
26.20 54.00 26.89 0.13013
26.30 54.00 26.98 0.10726
26.30 54.00 26.98 0.12411
26.20 54.00 26.89 0.12137
26.30 54.00 26.98 0.11904
26.20 54.00 26.89 0.07369
26.20 54.00 26.89 0.10808
25.90 53.00 25.93 0.10808
26.20 55.00 26.93 0.11013
26.80 54.00 27.46 0.12986
26.20 54.00 26.89 0.12082
26.20 54.00 26.89 0.10712
26.20 54.00 26.89 0.17781
26.30 54.00 26.98 0.11027
26.20 54.00 26.89 0.05164
26.20 54.00 26.89 0.12164
26.30 54.00 26.98 0.10657
25.90 53.00 25.93 0.11411
26.20 54.00 26.89 0.11739
26.30 54.00 26.98 0.11328
26.20 54.00 26.89 0.10479
26.30 54.00 26.98 0.12041
26.30 54.00 26.98 0.11479
26.40 54.00 27.07 0.11041
26.30 54.00 26.98 0.18644
26.20 54.00 26.89 0.11328
26.30 54.00 26.98 0.10876
26.20 54.00 26.89 0.11246
26.20 54.00 26.89 0.11630
26.20 54.00 26.89 0.18754
26.20 54.00 26.89 0.10794
26.30 54.00 26.98 0.11219
26.20 54.00 26.89 0.18069
26.30 54.00 26.98 0.10260
26.30 54.00 26.98 0.10808
26.20 54.00 26.89 0.17685
26.30 54.00 26.98 0.11369
26.30 54.00 26.98 0.12315
26.20 54.00 26.89 0.11602
26.30 54.00 26.98 0.11369
26.20 54.00 26.89 0.19562
26.20 54.00 26.89 0.11506
26.20 54.00 26.89 0.11383
26.20 54.00 26.89 0.11095
26.30 54.00 26.98 0.11301
26.30 54.00 26.98 0.11589
26.20 54.00 26.89 0.10493
27.10 54.00 27.78 0.12424
26.30 54.00 26.98 0.11671
26.30 54.00 26.98 0.17425
26.30 54.00 26.98 0.10794
26.30 54.00 26.98 0.10561
26.30 54.00 26.98 0.18685
26.30 54.00 26.98 0.10876
26.20 54.00 26.89 0.18644
26.20 55.00 26.93 0.11205
26.30 55.00 27.02 0.10945
26.20 55.00 26.93 0.18069
26.40 54.00 27.07 0.10616
26.20 54.00 26.89 0.11328
26.20 54.00 26.89 0.11972
26.30 54.00 26.98 0.10424
26.20 54.00 26.89 0.14507
26.30 54.00 26.98 0.10794
26.20 54.00 26.89 0.11671
26.20 54.00 26.89 0.10383
26.30 54.00 26.98 0.11520
26.40 54.00 27.07 0.11643
26.30 54.00 26.98 0.19000
26.20 54.00 26.89 0.11931
26.20 54.00 26.89 0.11383
26.10 54.00 26.80 0.10945
26.10 54.00 26.80 0.12150
26.20 54.00 26.89 0.11479
26.20 54.00 26.89 0.11150
26.20 54.00 26.89 0.10095
26.20 54.00 26.89 0.10794
26.20 54.00 26.89 0.11041
26.20 54.00 26.89 0.11643
26.00 54.00 26.07 0.12918
26.20 54.00 26.89 0.10876
26.10 54.00 26.80 0.17945
26.10 54.00 26.80 0.10835
26.10 54.00 26.80 0.11082
26.20 54.00 26.89 0.12630
26.30 54.00 26.98 0.10602
26.20 54.00 26.89 0.11219
26.20 54.00 26.89 0.10808
26.10 54.00 26.80 0.12520
26.20 54.00 26.89 0.11397
26.20 54.00 26.89 0.11082
26.10 54.00 26.80 0.10219
26.20 54.00 26.89 0.11767
26.10 54.00 26.80 0.11095
26.20 54.00 26.89 0.11383
26.30 54.00 26.98 0.10753
26.20 54.00 26.89 0.11383
26.20 54.00 26.89 0.10917
26.20 54.00 26.89 0.18630
26.20 54.00 26.89 0.10986
26.20 54.00 26.89 0.11520
26.20 54.00 26.89 0.11246
26.30 54.00 26.98 0.13013
26.30 54.00 26.98 0.10726
26.20 54.00 26.89 0.11493
26.30 53.00 26.93 0.11479
26.20 54.00 26.89 0.11274
26.30 54.00 26.98 0.17630
26.30 54.00 26.98 0.11164
26.30 54.00 26.98 0.09958
26.20 54.00 26.89 0.18000
26.20 54.00 26.89 0.09890
26.30 54.00 26.98 0.11465
26.20 54.00 26.89 0.12315
26.30 54.00 26.98 0.11232
26.20 54.00 26.89 0.12260
26.20 54.00 26.89 0.18863
26.30 54.00 26.98 0.11753
25.80 53.00 25.82 0.11137
26.30 54.00 26.98 0.18603
26.30 54.00 26.98 0.10479
26.20 54.00 26.89 0.20740
26.20 54.00 26.89 0.12465
26.30 54.00 26.98 0.11205
26.30 54.00 26.98 0.19219
26.30 54.00 26.98 0.10506
26.20 53.00 26.84 0.13109
26.30 53.00 26.93 0.18260
26.20 54.00 26.89 0.10712
26.20 53.00 26.84 0.13835
26.20 53.00 26.84 0.18438
26.20 53.00 26.84 0.10712
26.20 54.00 26.89 0.18891
26.20 54.00 26.89 0.11726
26.20 53.00 26.84 0.12685
26.20 54.00 26.89 0.17671
26.20 54.00 26.89 0.11369
26.30 54.00 26.98 0.10424
26.20 54.00 26.89 0.17370
26.30 54.00 26.98 0.11452
26.20 54.00 26.89 0.19123
26.30 54.00 26.98 0.11452
26.40 53.00 27.02 0.10753
26.30 53.00 26.93 0.18521
26.30 53.00 26.93 0.11397
26.30 53.00 26.93 0.11712
26.30 54.00 26.98 0.17808
26.30 54.00 26.98 0.11698
26.30 54.00 26.98 0.10397
26.30 54.00 26.98 0.18315
26.30 54.00 26.98 0.10616
26.30 54.00 26.98 0.16726
26.30 54.00 26.98 0.11548
26.40 54.00 27.07 0.11452
26.30 54.00 26.98 0.19178
26.30 54.00 26.98 0.10383
26.30 53.00 26.93 0.11438
26.30 54.00 26.98 0.18096
26.40 54.00 27.07 0.11027
26.30 53.00 26.93 0.10890
26.30 53.00 26.93 0.18247
26.40 53.00 27.02 0.11575
26.30 53.00 26.93 0.18685
26.30 54.00 26.98 0.11561
26.30 54.00 26.98 0.11548
26.30 53.00 26.93 0.10890
26.30 53.00 26.93 0.10945
26.30 53.00 26.93 0.11274
26.30 53.00 26.93 0.18452
26.30 53.00 26.93 0.11013
26.30 53.00 26.93 0.18082
26.30 54.00 26.98 0.12260
26.30 54.00 26.98 0.10452
26.30 53.00 26.93 0.19123
26.20 53.00 26.84 0.11109
26.30 53.00 26.93 0.10602
26.30 54.00 26.98 0.11917
26.30 54.00 26.98 0.11493
26.20 54.00 26.89 0.11438
26.20 54.00 26.89 0.18315
26.20 54.00 26.89 0.10671
26.20 54.00 26.89 0.18986
26.20 54.00 26.89 0.13671
26.20 53.00 26.84 0.10808
26.20 54.00 26.89 0.11534
26.30 53.00 26.93 0.10917
26.30 53.00 26.93 0.11328
26.30 53.00 26.93 0.18973
26.30 54.00 26.98 0.11822
26.30 54.00 26.98 0.11479
26.20 53.00 26.84 0.12096
26.30 53.00 26.93 0.11534
26.30 53.00 26.93 0.18206
26.40 54.00 27.07 0.12150
26.30 53.00 26.93 0.11232
26.30 53.00 26.93 0.11986
26.30 53.00 26.93 0.11164
26.30 53.00 26.93 0.10972
26.30 53.00 26.93 0.11671
26.30 53.00 26.93 0.10808
26.50 53.00 27.11 0.18370
26.30 53.00 26.93 0.14041
26.20 53.00 26.84 0.12548
26.20 53.00 26.84 0.17329
26.20 53.00 26.84 0.10972
26.20 53.00 26.84 0.11917
26.20 53.00 26.84 0.18206
26.30 53.00 26.93 0.11548
26.20 53.00 26.84 0.18767
26.20 53.00 26.84 0.11630
26.20 53.00 26.84 0.10780
26.30 53.00 26.93 0.10863
26.20 53.00 26.84 0.10356
26.30 53.00 26.93 0.11356
26.20 53.00 26.84 0.18343
26.40 53.00 27.02 0.11054
26.30 53.00 26.93 0.18027
26.30 53.00 26.93 0.10671
26.30 53.00 26.93 0.11835
26.30 53.00 26.93 0.18082
26.30 53.00 26.93 0.12287
26.30 53.00 26.93 0.10876
26.20 53.00 26.84 0.18754
26.30 53.00 26.93 0.11520
26.20 54.00 26.89 0.09698
26.80 54.00 27.46 0.11548
26.20 54.00 26.89 0.10534
26.20 53.00 26.84 0.12068
26.20 53.00 26.84 0.12753
26.20 54.00 26.89 0.10972
26.20 54.00 26.89 0.18425
26.20 53.00 26.84 0.11274
26.30 53.00 26.93 0.11287
26.30 53.00 26.93 0.18438
26.20 53.00 26.84 0.11698
26.30 54.00 26.98 0.19082
26.30 53.00 26.93 0.10506
26.30 53.00 26.93 0.10520
26.20 53.00 26.84 0.17493
26.30 53.00 26.93 0.10931
26.40 53.00 27.02 0.12808
26.20 53.00 26.84 0.17945
26.20 53.00 26.84 0.10534
26.20 53.00 26.84 0.10835
26.10 53.00 26.76 0.10890
26.20 54.00 26.89 0.11630
26.20 54.00 26.89 0.18233
26.20 54.00 26.89 0.11452
26.10 53.00 26.76 0.10520
26.20 54.00 26.89 0.19562
26.20 54.00 26.89 0.11493
26.20 53.00 26.84 0.13548
26.20 54.00 26.89 0.17890
26.20 53.00 26.84 0.11452
26.20 54.00 26.89 0.16630
26.20 53.00 26.84 0.10356
26.20 53.00 26.84 0.12150
26.20 53.00 26.84 0.19439
26.10 53.00 26.76 0.11739
26.50 53.00 27.11 0.16247
26.20 53.00 26.84 0.19123
26.20 53.00 26.84 0.10643
26.20 53.00 26.84 0.11589
26.00 53.00 26.04 0.10424
26.20 53.00 26.84 0.12013
26.10 53.00 26.76 0.10835
26.10 53.00 26.76 0.10561
26.10 53.00 26.76 0.10383
26.20 53.00 26.84 0.17589
26.20 53.00 26.84 0.10630
26.20 53.00 26.84 0.18575
26.20 53.00 26.84 0.18740
26.20 53.00 26.84 0.10671
26.20 53.00 26.84 0.18260
26.40 53.00 27.02 0.10835
26.20 53.00 26.84 0.11822
26.20 53.00 26.84 0.18480
26.30 53.00 26.93 0.14561
27.10 53.00 27.71 0.13863
26.20 53.00 26.84 0.18233
26.20 53.00 26.84 0.10958
26.20 53.00 26.84 0.18411
26.30 53.00 26.93 0.11876
26.20 53.00 26.84 0.10602
26.20 53.00 26.84 0.17000
26.30 53.00 26.93 0.11137
25.70 52.00 25.68 0.16740
26.20 54.00 26.89 0.11534
26.10 53.00 26.76 0.12589
26.10 53.00 26.76 0.20041
26.10 53.00 26.76 0.16055
26.10 53.00 26.76 0.16123
26.10 53.00 26.76 0.14287
26.10 53.00 26.76 0.24316
26.10 53.00 26.76 0.17575
26.10 53.00 26.76 0.14959
26.00 53.00 26.04 0.12986
26.10 53.00 26.76 0.09767
26.10 53.00 26.76 0.17178
26.00 53.00 26.04 0.15931
26.00 53.00 26.04 0.11849
26.10 53.00 26.76 0.12205
26.10 53.00 26.76 0.17603
26.10 53.00 26.76 0.16589
26.10 53.00 26.76 0.16479
26.10 53.00 26.76 0.10657
25.90 52.00 25.90 0.14822
26.00 53.00 26.04 0.14493
26.10 53.00 26.76 0.17658
26.00 53.00 26.04 0.20219
26.00 53.00 26.04 0.13575
26.10 53.00 26.76 0.17110
25.90 52.00 25.90 0.20945
26.00 54.00 26.07 0.11150
25.90 52.00 25.90 0.10767
25.90 52.00 25.90 0.10452
26.00 53.00 26.04 0.09287
26.00 54.00 26.07 0.10479
25.90 52.00 25.90 0.11616
26.00 53.00 26.04 0.12507
25.90 52.00 25.90 0.04809
25.90 52.00 25.90 0.07823
25.90 53.00 25.93 0.02508
25.70 52.00 25.68 0.06823
25.90 52.00 25.90 0.13618
25.90 53.00 25.93 0.03330
25.90 52.00 25.90 0.06618
26.00 53.00 26.04 0.04289
25.70 53.00 25.71 0.04330
25.80 53.00 25.82 0.03974
25.80 53.00 25.82 0.02686
25.90 53.00 25.93 0.03439
25.80 53.00 25.82 0.03768
25.80 53.00 25.82 0.08659
25.90 53.00 25.93 0.03741
25.80 53.00 25.82 0.03878
25.90 53.00 25.93 0.04549
25.90 52.00 25.90 0.03823
25.90 53.00 25.93 0.03549
25.80 52.00 25.79 0.04248
25.90 52.00 25.90 0.12741
25.90 52.00 25.90 0.03069
25.90 52.00 25.90 0.03467
25.90 52.00 25.90 0.03768
25.90 52.00 25.90 0.05056
25.90 52.00 25.90 0.07083
26.00 53.00 26.04 0.02261
25.90 52.00 25.90 0.07440
25.90 52.00 25.90 0.13440
26.00 53.00 26.04 0.04768
26.00 53.00 26.04 0.06440
26.00 53.00 26.04 0.10412
26.00 53.00 26.04 0.03713
25.90 52.00 25.90 0.06015
25.90 52.00 25.90 0.06042
25.90 52.00 25.90 0.06535
26.00 53.00 26.04 0.04467
26.00 53.00 26.04 0.06193
26.00 53.00 26.04 0.05645
26.00 53.00 26.04 0.04275
26.10 53.00 26.76 0.08193
26.00 53.00 26.04 0.03193
26.00 53.00 26.04 0.07782
26.00 53.00 26.04 0.03809
26.00 53.00 26.04 0.12098
26.60 53.00 27.21 0.05481
26.00 53.00 26.04 0.04946
25.90 52.00 25.90 0.12440
25.80 52.00 25.79 0.04248
25.80 52.00 25.79 0.03809
25.90 52.00 25.90 0.12070
25.90 52.00 25.90 0.07248
25.90 52.00 25.90 0.05796
26.40 53.00 27.02 0.06344
25.80 52.00 25.79 0.05302
25.90 52.00 25.90 0.00672
25.80 52.00 25.79 0.03768
25.80 52.00 25.79 0.06618
25.90 52.00 25.90 0.02083
26.40 53.00 27.02 0.05796
25.80 53.00 25.82 0.10618
25.80 53.00 25.82 0.03782
25.80 53.00 25.82 0.05426
25.80 53.00 25.82 0.03165
25.80 53.00 25.82 0.04385
25.80 53.00 25.82 0.09947
25.80 53.00 25.82 0.01617
25.90 53.00 25.93 0.02919
25.80 53.00 25.82 0.04768
25.80 53.00 25.82 0.04727
25.80 53.00 25.82 0.03850
25.80 53.00 25.82 0.12125
25.70 53.00 25.71 0.03193
25.70 53.00 25.71 0.03659
25.70 53.00 25.71 0.04905
25.70 53.00 25.71 0.04672
25.60 53.00 25.60 0.04837
25.60 53.00 25.60 0.04330
25.70 53.00 25.71 0.03987
25.80 53.00 25.82 0.11180
25.70 53.00 25.71 0.02563
25.80 53.00 25.82 0.02275
25.80 53.00 25.82 0.10454
25.70 53.00 25.71 0.04919
25.80 53.00 25.82 0.04618
25.70 53.00 25.71 0.06851
25.70 53.00 25.71 0.05344
25.70 53.00 25.71 0.02563
25.70 53.00 25.71 0.03193
25.70 53.00 25.71 0.04467
25.60 53.00 25.60 0.04124
25.70 53.00 25.71 0.03398
25.60 53.00 25.60 0.06385
25.60 53.00 25.60 0.06440
25.60 53.00 25.60 0.01713
25.50 53.00 25.49 0.02494
25.60 53.00 25.60 0.04549
25.50 53.00 25.49 0.00987
25.50 53.00 25.49 0.24811
25.50 53.00 25.49 0.02302
25.50 53.00 25.49 0.04453
25.40 53.00 25.38 0.03796
25.40 53.00 25.38 0.11262
25.50 54.00 25.52 0.05604
25.40 53.00 25.38 0.03809
25.40 53.00 25.38 0.04823
25.10 53.00 25.05 0.03837
25.50 54.00 25.52 0.04097
25.40 53.00 25.38 0.00878
25.50 53.00 25.49 0.05193
25.50 53.00 25.49 0.04686
25.50 53.00 25.49 0.04439
25.70 53.00 25.71 0.03686
25.50 53.00 25.49 0.04508
25.60 53.00 25.60 0.04275
25.50 53.00 25.49 0.12604
25.40 53.00 25.38 0.04563
25.40 53.00 25.38 0.05535
25.60 53.00 25.60 0.04453
25.40 53.00 25.38 0.10604
25.40 53.00 25.38 0.06796
25.50 53.00 25.49 0.04987
25.60 53.00 25.60 0.04179
26.20 54.00 26.89 0.07522
25.60 53.00 25.60 0.06124
25.60 53.00 25.60 0.10919
25.60 53.00 25.60 0.05275
25.60 53.00 25.60 0.06303
25.50 53.00 25.49 0.12056
25.60 53.00 25.60 0.03960
25.40 53.00 25.38 0.11426
25.50 53.00 25.49 0.03138
25.50 53.00 25.49 0.05631
25.50 53.00 25.49 0.11769
25.50 53.00 25.49 0.04289
25.40 53.00 25.38 0.05439
25.50 53.00 25.49 0.12098
25.50 53.00 25.49 0.04097
25.40 53.00 25.38 0.04439
25.50 53.00 25.49 0.06248
25.30 53.00 25.27 0.05124
25.40 54.00 25.41 0.10618
25.40 54.00 25.41 0.04138
25.30 54.00 25.30 0.04686
25.30 54.00 25.30 0.12139
25.30 54.00 25.30 0.04549
25.20 54.00 25.19 0.05535
25.30 54.00 25.30 0.11700
25.30 54.00 25.30 0.05138
25.20 54.00 25.19 0.11440
25.30 54.00 25.30 0.03713
25.20 54.00 25.19 0.04686
25.20 54.00 25.19 0.10919
25.20 54.00 25.19 0.05782
25.20 54.00 25.19 0.05412
25.10 54.00 25.08 0.10166
25.20 54.00 25.19 -0.00575
25.20 54.00 25.19 0.05275
25.20 54.00 25.19 0.05604
25.20 54.00 25.19 0.05275
25.20 54.00 25.19 0.04768
25.20 54.00 25.19 0.02015
25.10 54.00 25.08 0.11413
25.10 54.00 25.08 0.03796
25.20 54.00 25.19 0.04618
25.20 54.00 25.19 0.04124
25.10 54.00 25.08 0.02590
25.20 54.00 25.19 0.03371
25.20 54.00 25.19 0.04987
25.20 54.00 25.19 0.05563
25.10 54.00 25.08 0.05864
25.20 54.00 25.19 -0.07781
25.00 54.00 24.97 0.06577
25.20 54.00 25.19 0.04782
25.20 54.00 25.19 0.04933
25.20 54.00 25.19 -0.00150
25.20 54.00 25.19 0.05220
25.30 54.00 25.30 0.12413
25.20 53.00 25.16 0.03686
25.20 54.00 25.19 0.04864
25.30 53.00 25.27 0.05124
25.20 53.00 25.16 0.04385
25.30 53.00 25.27 0.04741
25.30 53.00 25.27 0.02672
25.20 53.00 25.16 0.04261
25.30 54.00 25.30 0.11700
25.20 54.00 25.19 0.09262
25.20 53.00 25.16 0.03754
25.20 54.00 25.19 0.00425
25.30 53.00 25.27 -0.00095
25.30 53.00 25.27 0.04604
25.20 53.00 25.16 0.01193
25.30 53.00 25.27 0.00754
25.30 53.00 25.27 0.06672
25.30 53.00 25.27 0.00741
25.30 53.00 25.27 0.00590
25.30 53.00 25.27 0.05974
25.30 53.00 25.27 0.01316
25.30 53.00 25.27 0.05563
25.30 53.00 25.27 0.00713
25.30 53.00 25.27 0.00754
25.30 53.00 25.27 0.06809
25.30 53.00 25.27 0.01083
25.20 53.00 25.16 0.00741
26.50 54.00 27.16 0.08919
25.30 54.00 25.30 -0.00150
25.30 53.00 25.27 0.01179
25.30 53.00 25.27 0.00878
25.30 53.00 25.27 -0.04246
25.30 53.00 25.27 0.00302
25.30 53.00 25.27 0.08179
25.40 53.00 25.38 0.00288
25.30 53.00 25.27 0.00371
25.30 53.00 25.27 0.00330
25.30 53.00 25.27 0.00371
25.30 53.00 25.27 0.00247
25.30 53.00 25.27 0.00056
25.30 53.00 25.27 0.00371
25.30 53.00 25.27 -0.00205
25.30 53.00 25.27 0.03508
25.30 53.00 25.27 0.09029
25.30 53.00 25.27 0.00480
25.30 53.00 25.27 0.07015
25.30 53.00 25.27 -0.00287
25.30 53.00 25.27 -0.00068
25.30 53.00 25.27 0.06631
25.30 53.00 25.27 -0.00013
25.30 53.00 25.27 0.01850
25.30 53.00 25.27 0.04439
25.30 53.00 25.27 0.00631
25.30 53.00 25.27 0.00672
25.30 53.00 25.27 0.00494
25.30 53.00 25.27 0.00699
25.30 53.00 25.27 0.00083
25.30 53.00 25.27 0.00741
25.30 53.00 25.27 -0.00218
25.30 53.00 25.27 0.00932
25.30 53.00 25.27 0.00371
25.30 53.00 25.27 0.10426
25.20 53.00 25.16 0.00562
25.30 53.00 25.27 0.01357
25.30 53.00 25.27 0.02234
25.40 53.00 25.38 -0.00095
25.30 53.00 25.27 0.00302
25.30 53.00 25.27 0.01850
25.30 53.00 25.27 0.01905
25.30 53.00 25.27 0.01617
25.30 53.00 25.27 0.00645
25.30 53.00 25.27 -0.00095
25.30 53.00 25.27 0.07399
25.30 53.00 25.27 0.00919
25.30 53.00 25.27 0.00384
25.30 53.00 25.27 0.07522
25.30 53.00 25.27 0.02932
25.10 53.00 25.05 0.00864
25.30 53.00 25.27 0.07179
25.30 53.00 25.27 0.00302
25.30 53.00 25.27 0.04618
25.30 53.00 25.27 -0.00273
25.30 53.00 25.27 0.00741
25.30 53.00 25.27 0.00878
25.30 53.00 25.27 0.00590
25.20 53.00 25.16 0.00261
25.30 53.00 25.27 0.08001
25.30 53.00 25.27 0.00891
25.30 53.00 25.27 0.00850
25.20 53.00 25.16 0.06809
25.20 53.00 25.16 0.00535
25.30 53.00 25.27 0.01508
25.20 53.00 25.16 -0.00164
25.30 53.00 25.27 -0.00260
25.30 53.00 25.27 0.00234
25.30 53.00 25.27 0.01220
25.30 53.00 25.27 0.01015
25.30 53.00 25.27 0.00343
25.30 53.00 25.27 -0.00534
25.20 53.00 25.16 0.07125
25.30 53.00 25.27 0.01343
25.30 53.00 25.27 0.04686
25.30 53.00 25.27 0.01357
25.30 53.00 25.27 -0.00136
25.30 53.00 25.27 0.00919
25.30 53.00 25.27 0.00549
25.20 53.00 25.16 -0.00013
25.30 53.00 25.27 0.00069
25.30 53.00 25.27 -0.00273
27.10 54.00 27.78 0.03686
25.30 53.00 25.27 -0.00205
25.30 53.00 25.27 -0.00232
25.30 53.00 25.27 -0.00232
25.30 53.00 25.27 0.11262
25.30 53.00 25.27 0.00330
25.30 53.00 25.27 0.00302
25.30 53.00 25.27 -0.00218
25.30 53.00 25.27 0.00891
25.50 53.00 25.49 0.00288
25.20 53.00 25.16 -0.00095
25.30 53.00 25.27 0.00741
25.20 53.00 25.16 -0.00397
25.30 53.00 25.27 0.01028
25.20 53.00 25.16 0.00261
25.20 53.00 25.16 0.00754
25.90 53.00 25.93 0.00480
25.30 53.00 25.27 -0.00177
25.30 53.00 25.27 0.00384
25.20 53.00 25.16 0.00741
25.30 53.00 25.27 0.06261
25.20 53.00 25.16 0.07933
25.40 53.00 25.38 0.04289
25.20 53.00 25.16 -0.00040
25.20 53.00 25.16 0.11851
25.20 53.00 25.16 0.00960
25.30 53.00 25.27 0.01604
25.30 53.00 25.27 0.02905
25.20 53.00 25.16 0.01247
25.30 53.00 25.27 0.02754
25.30 53.00 25.27 0.02069
25.30 53.00 25.27 0.02919
25.30 53.00 25.27 0.05878
25.20 53.00 25.16 0.02919
25.20 53.00 25.16 0.01576
25.30 53.00 25.27 0.03905
25.30 53.00 25.27 0.05357
25.30 53.00 25.27 0.04618
25.30 53.00 25.27 0.03522